1539817010524346, -0.339329, -1.4255, 0.119817, 0, 0, 0
1539817010640841, -0.339323, -1.42547, 0.119786, 0, 0, 0
1539817010742136, -0.339316, -1.42549, 0.119824, 0, 0, 0
1539817010862286, -0.339339, -1.42553, 0.119761, 0, 0, 0
1539817010971707, -0.339332, -1.42549, 0.119748, 0, 0, 0
1539817011072860, -0.339312, -1.42549, 0.119783, 0, 0, 0
1539817011181956, -0.339346, -1.42548, 0.119771, 0, 0, 0
1539817011282386, -0.339332, -1.42551, 0.119786, 0, 0, 0
1539817011382445, -0.33932, -1.42549, 0.119803, 0, 0, 0
1539817011492293, -0.339325, -1.42553, 0.119766, 0, 0, 0
1539817011602090, -0.339321, -1.42548, 0.119768, 0, 0, 0
1539817011702376, -0.339334, -1.42549, 0.119767, 0, 0, 0
1539817011812372, -0.339331, -1.42551, 0.119724, 0, 0, 0
1539817011912392, -0.339319, -1.42549, 0.119781, 0, 0, 0
1539817012022461, -0.339323, -1.42544, 0.119745, 0, 0, 0
1539817012132415, -0.339332, -1.4255, 0.119722, 0, 0, 0
1539817012242151, -0.339309, -1.42547, 0.119767, 0, 0, 0
1539817012352118, -0.339317, -1.42548, 0.119787, 0, 0, 0
1539817012462398, -0.339319, -1.42547, 0.119775, 0, 0, 0
1539817012582136, -0.33933, -1.42546, 0.119748, 0, 0, 0
1539817012692325, -0.339321, -1.42547, 0.119733, 0, 0, 0
1539817012801511, -0.339318, -1.42547, 0.119745, 0, 0, 0
1539817012901621, -0.339318, -1.42547, 0.119745, 0, 0, 0
1539817013002136, -0.339312, -1.42549, 0.119752, 0, 0, 0
1539817013102175, -0.339318, -1.42551, 0.119735, 0, 0, 0
1539817013212128, -0.339324, -1.42545, 0.119744, 0, 0, 0
1539817013312297, -0.339318, -1.42548, 0.119781, 0, 0, 0
1539817013421787, -0.339318, -1.42547, 0.119745, 0, 0, 0
1539817013522076, -0.339332, -1.42548, 0.119744, 0, 0, 0
1539817013622341, -0.339319, -1.42546, 0.119709, 0, 0, 0
1539817013732315, -0.339328, -1.42547, 0.119679, 0, 0, 0
1539817013842291, -0.339324, -1.42547, 0.119723, 0, 0, 0
1539817013952096, -0.339321, -1.42548, 0.119738, 0, 0, 0
1539817014062099, -0.339327, -1.42548, 0.119685, 0, 0, 0
1539817014162488, -0.339318, -1.42547, 0.119745, 0, 0, 0
1539817014272328, -0.339314, -1.42547, 0.119735, 0, 0, 0
1539817014382201, -0.339321, -1.42546, 0.119708, 0, 0, 0
1539817014482486, -0.339314, -1.42547, 0.119735, 0, 0, 0
1539817014582495, -0.339319, -1.42551, 0.119729, 0, 0, 0
1539817014682576, -0.339315, -1.42548, 0.119739, 0, 0, 0
1539817014792349, -0.339322, -1.42548, 0.119705, 0, 0, 0
1539817014892375, -0.339306, -1.42549, 0.119733, 0, 0, 0
1539817015002119, -0.339318, -1.42544, 0.119712, 0, 0, 0
1539817015102474, -0.339319, -1.42547, 0.119714, 0, 0, 0
1539817015211802, -0.339315, -1.42548, 0.119688, 0, 0, 0
1539817015312384, -0.339317, -1.4255, 0.119736, 0, 0, 0
1539817015421543, -0.339313, -1.42547, 0.119686, 0, 0, 0
1539817015522099, -0.339323, -1.42551, 0.119708, 0, 0, 0
1539817015632304, -0.339314, -1.42547, 0.119735, 0, 0, 0
1539817015732356, -0.33932, -1.42547, 0.119683, 0, 0, 0
1539817015841860, -0.339324, -1.4255, 0.119703, 0, 0, 0
1539817015942443, -0.33931, -1.42546, 0.119725, 0, 0, 0
1539817016042481, -0.339324, -1.42549, 0.119698, 0, 0, 0
1539817016152554, -0.339309, -1.42549, 0.119681, 0, 0, 0
1539817016262050, -0.33932, -1.42547, 0.119683, 0, 0, 0
1539817016372538, -0.339308, -1.42547, 0.119666, 0, 0, 0
1539817016472562, -0.339309, -1.42546, 0.119702, 0, 0, 0
1539817016572563, -0.339327, -1.42548, 0.119685, 0, 0, 0
1539817016682014, -0.339317, -1.42545, 0.119717, 0, 0, 0
1539817016791986, -0.339314, -1.42546, 0.119681, 0, 0, 0
1539817016902352, -0.339319, -1.42548, 0.119687, 0, 0, 0
1539817017012260, -0.339314, -1.42546, 0.11969, 0, 0, 0
1539817017112450, -0.33931, -1.42549, 0.119714, 0, 0, 0
1539817017221880, -0.339301, -1.4255, 0.119709, 0, 0, 0
1539817017322788, -0.339287, -1.42548, 0.119662, 0, 0, 0
1539817017432446, -0.339292, -1.42547, 0.119655, 0, 0, 0
1539817017542126, -0.339318, -1.42548, 0.119635, 0, 0, 0
1539817017642204, -0.339295, -1.42547, 0.119688, 0, 0, 0
1539817017742316, -0.339313, -1.42548, 0.119665, 0, 0, 0
1539817017842323, -0.339289, -1.42547, 0.119669, 0, 0, 0
1539817017952328, -0.339333, -1.42549, 0.119657, 0, 0, 0
1539817018061555, -0.339306, -1.42549, 0.119734, 0, 0, 0
1539817018162324, -0.339327, -1.42546, 0.119675, 0, 0, 0
1539817018262343, -0.339316, -1.42547, 0.119703, 0, 0, 0
1539817018362371, -0.339326, -1.4255, 0.119629, 0, 0, 0
1539817018472383, -0.339313, -1.42548, 0.119696, 0, 0, 0
1539817018582485, -0.339286, -1.42548, 0.119652, 0, 0, 0
1539817018691576, -0.339304, -1.4255, 0.119665, 0, 0, 0
1539817018792462, -0.339282, -1.42546, 0.119647, 0, 0, 0
1539817018902492, -0.339287, -1.42551, 0.11964, 0, 0, 0
1539817019011856, -0.339271, -1.42545, 0.119686, 0, 0, 0
1539817019121583, -0.339307, -1.4255, 0.119622, 0, 0, 0
1539817019222473, -0.339282, -1.42547, 0.119673, 0, 0, 0
1539817019332310, -0.339284, -1.42547, 0.11967, 0, 0, 0
1539817019441509, -0.339278, -1.42546, 0.119667, 0, 0, 0
1539817019542312, -0.339287, -1.42551, 0.11967, 0, 0, 0
1539817019652194, -0.339295, -1.42547, 0.119667, 0, 0, 0
1539817019771865, -0.339317, -1.4255, 0.1196, 0, 0, 0
1539817019882280, -0.339293, -1.42547, 0.119678, 0, 0, 0
1539817019982307, -0.339289, -1.42546, 0.119603, 0, 0, 0
1539817020101527, -0.339299, -1.4255, 0.119631, 0, 0, 0
1539817020202269, -0.339287, -1.42548, 0.119651, 0, 0, 0
1539817020302379, -0.33929, -1.42546, 0.119673, 0, 0, 0
1539817020412416, -0.339308, -1.4255, 0.119641, 0, 0, 0
1539817020522311, -0.339282, -1.42546, 0.119647, 0, 0, 0
1539817020632307, -0.339273, -1.42547, 0.119661, 0, 0, 0
1539817020742333, -0.3393, -1.42549, 0.119618, 0, 0, 0
1539817020842491, -0.339274, -1.42545, 0.119626, 0, 0, 0
1539817020952306, -0.339309, -1.42546, 0.119651, 0, 0, 0
1539817021062291, -0.339297, -1.42551, 0.119611, 0, 0, 0
1539817021162506, -0.339265, -1.42544, 0.119687, 0, 0, 0
1539817021271768, -0.339296, -1.42548, 0.119608, 0, 0, 0
1539817021382454, -0.339257, -1.42548, 0.11966, 0, 0, 0
1539817021491462, -0.339269, -1.42546, 0.119627, 0, 0, 0
1539817021591580, -0.339255, -1.42549, 0.119673, 0, 0, 0
1539817021691606, -0.33927, -1.42546, 0.11964, 0, 0, 0
1539817021792361, -0.339282, -1.4255, 0.119599, 0, 0, 0
1539817021892804, -0.339288, -1.42547, 0.11964, 0, 0, 0
1539817022001787, -0.339282, -1.42549, 0.119656, 0, 0, 0
1539817022102098, -0.33928, -1.42548, 0.119583, 0, 0, 0
1539817022222058, -0.339279, -1.42548, 0.119634, 0, 0, 0
1539817022331879, -0.339302, -1.42543, 0.11962, 0, 0, 0
1539817022432918, -0.339299, -1.42548, 0.11964, 0, 0, 0
1539817022532923, -0.339291, -1.42548, 0.119661, 0, 0, 0
1539817022642424, -0.339282, -1.42546, 0.119617, 0, 0, 0
1539817022742921, -0.339292, -1.42548, 0.119598, 0, 0, 0
1539817022852512, -0.339269, -1.42548, 0.119626, 0, 0, 0
1539817022952575, -0.339295, -1.42551, 0.119594, 0, 0, 0
1539817023061771, -0.339289, -1.42544, 0.119628, 0, 0, 0
1539817023162428, -0.339288, -1.4255, 0.119627, 0, 0, 0
1539817023272572, -0.339269, -1.42546, 0.11962, 0, 0, 0
1539817023382352, -0.33928, -1.42548, 0.119572, 0, 0, 0
1539817023482397, -0.339273, -1.42547, 0.11957, 0, 0, 0
1539817023592626, -0.339297, -1.42548, 0.119578, 0, 0, 0
1539817023702759, -0.339252, -1.42545, 0.119641, 0, 0, 0
1539817023811803, -0.339273, -1.4255, 0.11959, 0, 0, 0
1539817023922753, -0.339263, -1.42548, 0.119597, 0, 0, 0
1539817024032404, -0.339283, -1.42546, 0.119584, 0, 0, 0
1539817024141730, -0.339268, -1.42548, 0.119575, 0, 0, 0
1539817024242522, -0.339274, -1.42546, 0.119597, 0, 0, 0
1539817024352509, -0.339277, -1.42547, 0.119611, 0, 0, 0
1539817024462251, -0.339264, -1.42545, 0.119617, 0, 0, 0
1539817024572265, -0.339259, -1.42545, 0.119608, 0, 0, 0
1539817024672774, -0.339266, -1.42549, 0.119588, 0, 0, 0
1539817025898919, -0.339286, -1.42548, 0.119545, 0, 0, 0
1539817026001775, -0.339264, -1.42548, 0.119565, 0, 0, 0
1539817026112469, -0.339282, -1.42545, 0.11958, 0, 0, 0
1539817026222477, -0.339264, -1.42549, 0.119601, 0, 0, 0
1539817026332445, -0.339262, -1.42546, 0.119599, 0, 0, 0
1539817026442506, -0.339254, -1.42543, 0.119569, 0, 0, 0
1539817026552076, -0.339251, -1.42546, 0.119571, 0, 0, 0
1539817026652252, -0.339266, -1.42549, 0.119565, 0, 0, 0
1539817026752753, -0.339264, -1.42544, 0.119551, 0, 0, 0
1539817026862314, -0.339268, -1.42549, 0.119525, 0, 0, 0
1539817026962768, -0.33926, -1.42548, 0.119555, 0, 0, 0
1539817027072267, -0.339266, -1.42548, 0.119553, 0, 0, 0
1539817027172310, -0.339264, -1.42544, 0.119551, 0, 0, 0
1539817027282129, -0.339252, -1.42546, 0.119584, 0, 0, 0
1539817027391806, -0.339251, -1.42543, 0.119582, 0, 0, 0
1539817027492028, -0.339258, -1.42549, 0.119568, 0, 0, 0
1539817027592030, -0.339261, -1.42548, 0.119544, 0, 0, 0
1539817027692374, -0.339263, -1.42546, 0.119537, 0, 0, 0
1539817027802749, -0.339258, -1.42543, 0.119518, 0, 0, 0
1539817027912249, -0.339251, -1.42547, 0.119564, 0, 0, 0
1539817028012433, -0.339266, -1.42547, 0.119549, 0, 0, 0
1539817028112976, -0.339268, -1.42545, 0.119562, 0, 0, 0
1539817028222719, -0.339253, -1.42548, 0.119538, 0, 0, 0
1539817028332354, -0.339262, -1.42552, 0.119507, 0, 0, 0
1539817028432425, -0.33926, -1.42548, 0.119534, 0, 0, 0
1539817028542613, -0.339259, -1.42545, 0.119553, 0, 0, 0
1539817028652031, -0.339269, -1.4255, 0.119519, 0, 0, 0
1539817028752033, -0.339255, -1.42544, 0.119592, 0, 0, 0
1539817028852659, -0.33926, -1.42547, 0.119581, 0, 0, 0
1539817028962044, -0.339265, -1.42548, 0.119503, 0, 0, 0
1539817029072200, -0.339248, -1.42548, 0.119558, 0, 0, 0
1539817029182435, -0.33926, -1.42548, 0.119555, 0, 0, 0
1539817029312307, -0.339257, -1.42545, 0.119505, 0, 0, 0
1539817029422061, -0.339249, -1.42544, 0.119545, 0, 0, 0
1539817029532389, -0.339256, -1.42546, 0.11951, 0, 0, 0
1539817029632413, -0.339244, -1.42548, 0.119548, 0, 0, 0
1539817029741763, -0.339243, -1.42546, 0.11952, 0, 0, 0
1539817029852376, -0.339261, -1.4255, 0.119529, 0, 0, 0
1539817029961876, -0.339254, -1.42546, 0.119548, 0, 0, 0
1539817030062382, -0.339263, -1.42544, 0.119506, 0, 0, 0
1539817030172526, -0.339254, -1.42547, 0.119521, 0, 0, 0
1539817030281818, -0.339255, -1.42546, 0.119526, 0, 0, 0
1539817030391786, -0.339251, -1.42546, 0.11951, 0, 0, 0
1539817030492184, -0.339253, -1.42548, 0.119527, 0, 0, 0
1539817030602183, -0.339247, -1.42545, 0.119494, 0, 0, 0
1539817030702393, -0.339252, -1.42545, 0.119505, 0, 0, 0
1539817030812440, -0.339264, -1.42547, 0.11953, 0, 0, 0
1539817030932079, -0.339261, -1.42548, 0.119523, 0, 0, 0
1539817031032383, -0.339258, -1.42549, 0.119485, 0, 0, 0
1539817031132517, -0.339251, -1.42544, 0.119556, 0, 0, 0
1539817031241524, -0.33927, -1.42546, 0.119504, 0, 0, 0
1539817031342414, -0.339249, -1.42545, 0.119507, 0, 0, 0
1539817031442565, -0.339238, -1.42546, 0.119514, 0, 0, 0
1539817031561756, -0.339243, -1.42548, 0.119505, 0, 0, 0
1539817031662306, -0.339234, -1.42548, 0.119508, 0, 0, 0
1539817031771529, -0.339256, -1.42547, 0.11952, 0, 0, 0
1539817031872574, -0.339251, -1.42546, 0.119499, 0, 0, 0
1539817031981984, -0.339237, -1.42547, 0.119516, 0, 0, 0
1539817032082000, -0.339253, -1.42547, 0.119523, 0, 0, 0
1539817032192508, -0.33925, -1.42546, 0.119518, 0, 0, 0
1539817032301817, -0.339231, -1.42547, 0.119528, 0, 0, 0
1539817032402706, -0.339235, -1.42546, 0.119522, 0, 0, 0
1539817032512366, -0.339245, -1.42548, 0.119497, 0, 0, 0
1539817032621714, -0.339233, -1.42549, 0.119484, 0, 0, 0
1539817032732539, -0.339239, -1.42545, 0.119515, 0, 0, 0
1539817032841679, -0.33925, -1.42546, 0.119487, 0, 0, 0
1539817032942293, -0.339222, -1.42546, 0.119538, 0, 0, 0
1539817033051618, -0.339255, -1.42543, 0.119469, 0, 0, 0
1539817033151755, -0.339236, -1.42545, 0.119518, 0, 0, 0
1539817033252289, -0.339231, -1.42548, 0.119521, 0, 0, 0
1539817033352726, -0.33923, -1.42547, 0.119498, 0, 0, 0
1539817033462749, -0.339243, -1.42546, 0.11947, 0, 0, 0
1539817033572211, -0.339232, -1.42546, 0.119491, 0, 0, 0
1539817033682259, -0.339204, -1.42544, 0.119474, 0, 0, 0
1539817033782298, -0.339232, -1.42545, 0.119487, 0, 0, 0
1539817033901927, -0.339256, -1.42547, 0.119512, 0, 0, 0
1539817034002344, -0.339242, -1.42546, 0.11952, 0, 0, 0
1539817034111809, -0.339243, -1.42546, 0.119489, 0, 0, 0
1539817034212370, -0.33924, -1.42546, 0.119471, 0, 0, 0
1539817034322707, -0.339237, -1.42545, 0.119466, 0, 0, 0
1539817034432765, -0.339228, -1.42543, 0.119471, 0, 0, 0
1539817034542703, -0.339243, -1.42547, 0.119493, 0, 0, 0
1539817034651966, -0.339228, -1.42547, 0.11951, 0, 0, 0
1539817034762502, -0.33923, -1.42541, 0.119486, 0, 0, 0
1539817034871693, -0.339238, -1.42546, 0.119459, 0, 0, 0
1539817034972476, -0.339212, -1.42549, 0.119508, 0, 0, 0
1539817035072538, -0.339232, -1.42547, 0.119496, 0, 0, 0
1539817035181819, -0.339227, -1.42543, 0.119472, 0, 0, 0
1539817035292279, -0.339228, -1.42546, 0.119481, 0, 0, 0
1539817035392311, -0.339226, -1.42544, 0.119453, 0, 0, 0
1539817035492417, -0.339235, -1.42542, 0.119433, 0, 0, 0
1539817035602374, -0.339237, -1.42546, 0.119484, 0, 0, 0
1539817035702453, -0.339231, -1.42547, 0.119466, 0, 0, 0
1539817035812443, -0.339225, -1.42546, 0.119453, 0, 0, 0
1539817035921566, -0.339219, -1.42544, 0.119481, 0, 0, 0
1539817036022456, -0.339223, -1.42548, 0.119451, 0, 0, 0
1539817036131911, -0.339225, -1.42545, 0.119429, 0, 0, 0
1539817036232356, -0.339222, -1.42544, 0.119468, 0, 0, 0
1539817036352159, -0.339224, -1.42548, 0.11951, 0, 0, 0
1539817036452350, -0.339219, -1.42544, 0.119481, 0, 0, 0
1539817036561927, -0.339229, -1.42545, 0.11949, 0, 0, 0
1539817036672414, -0.339226, -1.42548, 0.119471, 0, 0, 0
1539817036781669, -0.339225, -1.42543, 0.119516, 0, 0, 0
1539817036882277, -0.33922, -1.42546, 0.119521, 0, 0, 0
1539817036982428, -0.339231, -1.42544, 0.119432, 0, 0, 0
1539817037082430, -0.339211, -1.42544, 0.119491, 0, 0, 0
1539817037192410, -0.339213, -1.42547, 0.119503, 0, 0, 0
1539817037312177, -0.339228, -1.42542, 0.11943, 0, 0, 0
1539817037412413, -0.339235, -1.42549, 0.119481, 0, 0, 0
1539817037522479, -0.339222, -1.42545, 0.119503, 0, 0, 0
1539817037622509, -0.339242, -1.42547, 0.119463, 0, 0, 0
1539817037731594, -0.339209, -1.42547, 0.119462, 0, 0, 0
1539817037832573, -0.339217, -1.42543, 0.119463, 0, 0, 0
1539817037942887, -0.339229, -1.42547, 0.119386, 0, 0, 0
1539817038052400, -0.339204, -1.42546, 0.119509, 0, 0, 0
1539817038161791, -0.339229, -1.42548, 0.119448, 0, 0, 0
1539817038261795, -0.339218, -1.42543, 0.119494, 0, 0, 0
1539817038361966, -0.339221, -1.4255, 0.119437, 0, 0, 0
1539817038462311, -0.339213, -1.42546, 0.119437, 0, 0, 0
1539817038562376, -0.339248, -1.4254, 0.119424, 0, 0, 0
1539817038672146, -0.339235, -1.42547, 0.119425, 0, 0, 0
1539817038782112, -0.339209, -1.42546, 0.119457, 0, 0, 0
1539817038882129, -0.339203, -1.42541, 0.119464, 0, 0, 0
1539817038982370, -0.339239, -1.4255, 0.119411, 0, 0, 0
1539817039091764, -0.339204, -1.42543, 0.119475, 0, 0, 0
1539817039191794, -0.339237, -1.42549, 0.119419, 0, 0, 0
1539817039312046, -0.33921, -1.42544, 0.119471, 0, 0, 0
1539817039412431, -0.339222, -1.42547, 0.119426, 0, 0, 0
1539817039512543, -0.33924, -1.42543, 0.119411, 0, 0, 0
1539817039622446, -0.339203, -1.42545, 0.119454, 0, 0, 0
1539817039732404, -0.339221, -1.42542, 0.119377, 0, 0, 0
1539817039832420, -0.339222, -1.42546, 0.119415, 0, 0, 0
1539817039942168, -0.33922, -1.42542, 0.11944, 0, 0, 0
1539817040052425, -0.339228, -1.42546, 0.11942, 0, 0, 0
1539817040152719, -0.339223, -1.42544, 0.119405, 0, 0, 0
1539817040262036, -0.339216, -1.4254, 0.119485, 0, 0, 0
1539817040362268, -0.339236, -1.42547, 0.119445, 0, 0, 0
1539817040472034, -0.339178, -1.42545, 0.119462, 0, 0, 0
1539817040572784, -0.339234, -1.42548, 0.119402, 0, 0, 0
1539817040682235, -0.339209, -1.42545, 0.119428, 0, 0, 0
1539817040792096, -0.339181, -1.42541, 0.119425, 0, 0, 0
1539817040902214, -0.339208, -1.42545, 0.11939, 0, 0, 0
1539817041002442, -0.339235, -1.42551, 0.119462, 0, 0, 0
1539817041112309, -0.33923, -1.42529, 0.119383, 0, 0, 0
1539817041212314, -0.339286, -1.42562, 0.119409, 0, 0, 0
1539817041322358, -0.339078, -1.42523, 0.119778, 0, 0, 0
1539817041422505, -0.339249, -1.42553, 0.11944, 0, 0, 0
1539817041531990, -0.339232, -1.42555, 0.11934, 0, 0, 0
1539817041632310, -0.339196, -1.42532, 0.119405, 0, 0, 0
1539817041742162, -0.329004, -1.42345, 0.127503, 0, 0, 0
1539817041851595, -0.339146, -1.42532, 0.119772, 0, 0, 0
1539817041952289, -0.339268, -1.42544, 0.119267, 0, 0, 0
1539817042052480, -0.339196, -1.42537, 0.119443, 0, 0, 0
1539817042161625, -0.339277, -1.42551, 0.119073, 0, 0, 0
1539817042262054, -0.339187, -1.42546, 0.11956, 0, 0, 0
1539817042362212, -0.339228, -1.4255, 0.119383, 0, 0, 0
1539817042462535, -0.339149, -1.42545, 0.119477, 0, 0, 0
1539817042572500, -0.339253, -1.42525, 0.119436, 0, 0, 0
1539817042682465, -0.339164, -1.42549, 0.119407, 0, 0, 0
1539817042791468, -0.339213, -1.42567, 0.119402, 0, 0, 0
1539817042892899, -0.339174, -1.42537, 0.119524, 0, 0, 0
1539817043012025, -0.339249, -1.42544, 0.119311, 0, 0, 0
1539817043112271, -0.339174, -1.42549, 0.119565, 0, 0, 0
1539817043222046, -0.339201, -1.42546, 0.119399, 0, 0, 0
1539817043322203, -0.339115, -1.42537, 0.119482, 0, 0, 0
1539817043432153, -0.339267, -1.42539, 0.119335, 0, 0, 0
1539817043542545, -0.339188, -1.42549, 0.119508, 0, 0, 0
1539817043652056, -0.339175, -1.42555, 0.119525, 0, 0, 0
1539817043752453, -0.33916, -1.42538, 0.119278, 0, 0, 0
1539817043862082, -0.339209, -1.42528, 0.119449, 0, 0, 0
1539817043962518, -0.339252, -1.42549, 0.119246, 0, 0, 0
1539817044071673, -0.339262, -1.42557, 0.119472, 0, 0, 0
1539817044172294, -0.339228, -1.42542, 0.119385, 0, 0, 0
1539817044282439, -0.339139, -1.42541, 0.119503, 0, 0, 0
1539817044392058, -0.339229, -1.42544, 0.119434, 0, 0, 0
1539817044501683, -0.339208, -1.42547, 0.11952, 0, 0, 0
1539817044602652, -0.339218, -1.42539, 0.119228, 0, 0, 0
1539817044702884, -0.339247, -1.42543, 0.119369, 0, 0, 0
1539817044812317, -0.339216, -1.42549, 0.119342, 0, 0, 0
1539817044912668, -0.339206, -1.4255, 0.119434, 0, 0, 0
1539817045022044, -0.339132, -1.42534, 0.119526, 0, 0, 0
1539817045122344, -0.339204, -1.42544, 0.119299, 0, 0, 0
1539817045222346, -0.339139, -1.42547, 0.119487, 0, 0, 0
1539817045322718, -0.339187, -1.4253, 0.11944, 0, 0, 0
1539817045432738, -0.339225, -1.42545, 0.119395, 0, 0, 0
1539817045542700, -0.339207, -1.42551, 0.119361, 0, 0, 0
1539817045652815, -0.339196, -1.42544, 0.119451, 0, 0, 0
1539817045762761, -0.339194, -1.42549, 0.11937, 0, 0, 0
1539817045882379, -0.33918, -1.42538, 0.119352, 0, 0, 0
1539817045992718, -0.339145, -1.42536, 0.119571, 0, 0, 0
1539817046102847, -0.339208, -1.42556, 0.119385, 0, 0, 0
1539817046212063, -0.339232, -1.42544, 0.119362, 0, 0, 0
1539817046312475, -0.339197, -1.42537, 0.119306, 0, 0, 0
1539817046421913, -0.339208, -1.42546, 0.119465, 0, 0, 0
1539817046522386, -0.339171, -1.42539, 0.119439, 0, 0, 0
1539817046622408, -0.339219, -1.42548, 0.119233, 0, 0, 0
1539817046732398, -0.33918, -1.42539, 0.119512, 0, 0, 0
1539817046841625, -0.339201, -1.4254, 0.119325, 0, 0, 0
1539817046952413, -0.33918, -1.42542, 0.119441, 0, 0, 0
1539817047062260, -0.339215, -1.42542, 0.119318, 0, 0, 0
1539817047172431, -0.339195, -1.42546, 0.119383, 0, 0, 0
1539817047281677, -0.339187, -1.42538, 0.119444, 0, 0, 0
1539817047382418, -0.339207, -1.4254, 0.119357, 0, 0, 0
1539817047492352, -0.33923, -1.42551, 0.119247, 0, 0, 0
1539817047602276, -0.339201, -1.42546, 0.119384, 0, 0, 0
1539817047712376, -0.33919, -1.42542, 0.119432, 0, 0, 0
1539817047821655, -0.339217, -1.42543, 0.119351, 0, 0, 0
1539817047921921, -0.339163, -1.4254, 0.119314, 0, 0, 0
1539817048032368, -0.339234, -1.42543, 0.119295, 0, 0, 0
1539817048132479, -0.339205, -1.42543, 0.119366, 0, 0, 0
1539817048232677, -0.339221, -1.42543, 0.119351, 0, 0, 0
1539817048342715, -0.339202, -1.42542, 0.119322, 0, 0, 0
1539817048452756, -0.339198, -1.42539, 0.119425, 0, 0, 0
1539817048562648, -0.339234, -1.42547, 0.119275, 0, 0, 0
1539817048681862, -0.339193, -1.42543, 0.119428, 0, 0, 0
1539817048791893, -0.339238, -1.4255, 0.119323, 0, 0, 0
1539817048902410, -0.339184, -1.42538, 0.119426, 0, 0, 0
1539817049012334, -0.339207, -1.42541, 0.119297, 0, 0, 0
1539817049121866, -0.339179, -1.42542, 0.119325, 0, 0, 0
1539817049222565, -0.339207, -1.42546, 0.119321, 0, 0, 0
1539817049331522, -0.339184, -1.42541, 0.119381, 0, 0, 0
1539817049432448, -0.33917, -1.42547, 0.119298, 0, 0, 0
1539817049542472, -0.339178, -1.42542, 0.119397, 0, 0, 0
1539817049652420, -0.339223, -1.42548, 0.119296, 0, 0, 0
1539817049762412, -0.33911, -1.42543, 0.119493, 0, 0, 0
1539817049872433, -0.339205, -1.42542, 0.119289, 0, 0, 0
1539817049972464, -0.339187, -1.42541, 0.119361, 0, 0, 0
1539817050082247, -0.339209, -1.42544, 0.119303, 0, 0, 0
1539817051370734, -0.339174, -1.42547, 0.119318, 0, 0, 0
1539817051472400, -0.339149, -1.42544, 0.119341, 0, 0, 0
1539817051572444, -0.339167, -1.42542, 0.119393, 0, 0, 0
1539817051672622, -0.339168, -1.42545, 0.119317, 0, 0, 0
1539817051781663, -0.339181, -1.4254, 0.119399, 0, 0, 0
1539817051882481, -0.339158, -1.42543, 0.119354, 0, 0, 0
1539817051982494, -0.339188, -1.4254, 0.119329, 0, 0, 0
1539817052092481, -0.339205, -1.42543, 0.119294, 0, 0, 0
1539817052202176, -0.339182, -1.4255, 0.119354, 0, 0, 0
1539817052302408, -0.339171, -1.42535, 0.119397, 0, 0, 0
1539817052402494, -0.339213, -1.42547, 0.119354, 0, 0, 0
1539817052512266, -0.339209, -1.42544, 0.119274, 0, 0, 0
1539817052612703, -0.339201, -1.4254, 0.119355, 0, 0, 0
1539817052722475, -0.339167, -1.42545, 0.119404, 0, 0, 0
1539817052832487, -0.33917, -1.42549, 0.119288, 0, 0, 0
1539817052941844, -0.3392, -1.42543, 0.119284, 0, 0, 0
1539817053042018, -0.339165, -1.42544, 0.119326, 0, 0, 0
1539817053162486, -0.33916, -1.42537, 0.119313, 0, 0, 0
1539817053271875, -0.339151, -1.42542, 0.119383, 0, 0, 0
1539817053371963, -0.339161, -1.42545, 0.11929, 0, 0, 0
1539817053481978, -0.339163, -1.42543, 0.119334, 0, 0, 0
1539817053591882, -0.339152, -1.42543, 0.119264, 0, 0, 0
1539817053692394, -0.339139, -1.4255, 0.119354, 0, 0, 0
1539817053801951, -0.339199, -1.42542, 0.119281, 0, 0, 0
1539817053911907, -0.339153, -1.42545, 0.11935, 0, 0, 0
1539817054011985, -0.339194, -1.42543, 0.119336, 0, 0, 0
1539817054122463, -0.339149, -1.42539, 0.119264, 0, 0, 0
1539817054232411, -0.339171, -1.42545, 0.119296, 0, 0, 0
1539817054332422, -0.33916, -1.42543, 0.119291, 0, 0, 0
1539817054441875, -0.339177, -1.42539, 0.119336, 0, 0, 0
1539817054551803, -0.339176, -1.42539, 0.11939, 0, 0, 0
1539817054652407, -0.339194, -1.42549, 0.119336, 0, 0, 0
1539817054762517, -0.33916, -1.42541, 0.119368, 0, 0, 0
1539817054872418, -0.339169, -1.42543, 0.11926, 0, 0, 0
1539817054992435, -0.339181, -1.4254, 0.119298, 0, 0, 0
1539817055102040, -0.339156, -1.42544, 0.119367, 0, 0, 0
1539817056371427, -0.339185, -1.42541, 0.119227, 0, 0, 0
1539817056472166, -0.339141, -1.42546, 0.119328, 0, 0, 0
1539817056572168, -0.33919, -1.42545, 0.119178, 0, 0, 0
1539817056672420, -0.339173, -1.42539, 0.119433, 0, 0, 0
1539817056781604, -0.339159, -1.42539, 0.119213, 0, 0, 0
1539817056892022, -0.339161, -1.42552, 0.119197, 0, 0, 0
1539817056992380, -0.339122, -1.42546, 0.119378, 0, 0, 0
1539817057101645, -0.339155, -1.42538, 0.119295, 0, 0, 0
1539817057212038, -0.339127, -1.42537, 0.119333, 0, 0, 0
1539817057312409, -0.339152, -1.42541, 0.119171, 0, 0, 0
1539817057412414, -0.339143, -1.42544, 0.119274, 0, 0, 0
1539817057522167, -0.339128, -1.42544, 0.119322, 0, 0, 0
1539817057622283, -0.33918, -1.42559, 0.119309, 0, 0, 0
1539817057732191, -0.339158, -1.42536, 0.119291, 0, 0, 0
1539817057842170, -0.339146, -1.42537, 0.119267, 0, 0, 0
1539817057942747, -0.339142, -1.42538, 0.119292, 0, 0, 0
1539817058052395, -0.339138, -1.42542, 0.119296, 0, 0, 0
1539817058152411, -0.339139, -1.42542, 0.119353, 0, 0, 0
1539817058262114, -0.339148, -1.42546, 0.119385, 0, 0, 0
1539817058371718, -0.339183, -1.42545, 0.119188, 0, 0, 0
1539817058472455, -0.339129, -1.42544, 0.119347, 0, 0, 0
1539817058582149, -0.339175, -1.42541, 0.119179, 0, 0, 0
1539817058692436, -0.33915, -1.42549, 0.119297, 0, 0, 0
1539817058802441, -0.339209, -1.42543, 0.11933, 0, 0, 0
1539817058911723, -0.339146, -1.42544, 0.119216, 0, 0, 0
1539817059022230, -0.339153, -1.42542, 0.119131, 0, 0, 0
1539817059131702, -0.339129, -1.42537, 0.119317, 0, 0, 0
1539817059241698, -0.339186, -1.42545, 0.119301, 0, 0, 0
1539817059342501, -0.339116, -1.42531, 0.119454, 0, 0, 0
1539817059442578, -0.339175, -1.42539, 0.119227, 0, 0, 0
1539817059552131, -0.33924, -1.42548, 0.119197, 0, 0, 0
1539817059662035, -0.339173, -1.42545, 0.119108, 0, 0, 0
1539817059762588, -0.339154, -1.42533, 0.119232, 0, 0, 0
1539817059872222, -0.339131, -1.4254, 0.119358, 0, 0, 0
1539817059972332, -0.339131, -1.42547, 0.119318, 0, 0, 0
1539817060072384, -0.339154, -1.42551, 0.119318, 0, 0, 0
1539817060182628, -0.339096, -1.42537, 0.119396, 0, 0, 0
1539817060292438, -0.339145, -1.42539, 0.119345, 0, 0, 0
1539817060401504, -0.339218, -1.42542, 0.1191, 0, 0, 0
1539817060502286, -0.339127, -1.42542, 0.119375, 0, 0, 0
1539817060612404, -0.339179, -1.42543, 0.119313, 0, 0, 0
1539817060712410, -0.339154, -1.42544, 0.119226, 0, 0, 0
1539817060832061, -0.339167, -1.42542, 0.119186, 0, 0, 0
1539817060932737, -0.339168, -1.4255, 0.119183, 0, 0, 0
1539817061042741, -0.339167, -1.42545, 0.119201, 0, 0, 0
1539817061152705, -0.339116, -1.42534, 0.119437, 0, 0, 0
1539817061261466, -0.339163, -1.42544, 0.119246, 0, 0, 0
1539817061361524, -0.339138, -1.42541, 0.119298, 0, 0, 0
1539817061461873, -0.339218, -1.42546, 0.119202, 0, 0, 0
1539817061562405, -0.33915, -1.4254, 0.119355, 0, 0, 0
1539817061672656, -0.339146, -1.42541, 0.119289, 0, 0, 0
1539817061782681, -0.339136, -1.42543, 0.119345, 0, 0, 0
1539817061892345, -0.339156, -1.42537, 0.119259, 0, 0, 0
1539817062002204, -0.33919, -1.42549, 0.119162, 0, 0, 0
1539817062102469, -0.339138, -1.42537, 0.119302, 0, 0, 0
1539817062212284, -0.339176, -1.42549, 0.119174, 0, 0, 0
1539817062322582, -0.339161, -1.42548, 0.119245, 0, 0, 0
1539817062431917, -0.339157, -1.42539, 0.11925, 0, 0, 0
1539817062532684, -0.339182, -1.42546, 0.119223, 0, 0, 0
1539817062632712, -0.339116, -1.42541, 0.119394, 0, 0, 0
1539817062742686, -0.339187, -1.42546, 0.119086, 0, 0, 0
1539817062852309, -0.339137, -1.42539, 0.119294, 0, 0, 0
1539817062952493, -0.339134, -1.42536, 0.119202, 0, 0, 0
1539817063052501, -0.339158, -1.42551, 0.119175, 0, 0, 0
1539817063161806, -0.339112, -1.42535, 0.11937, 0, 0, 0
1539817063261967, -0.339161, -1.42545, 0.119197, 0, 0, 0
1539817063362433, -0.339121, -1.42536, 0.119302, 0, 0, 0
1539817063472146, -0.339153, -1.42541, 0.119163, 0, 0, 0
1539817063572333, -0.339134, -1.42538, 0.119249, 0, 0, 0
1539817063672563, -0.339159, -1.4254, 0.119252, 0, 0, 0
1539817063791972, -0.339167, -1.42549, 0.119209, 0, 0, 0
1539817063902429, -0.339113, -1.42533, 0.119415, 0, 0, 0
1539817064012255, -0.339131, -1.42536, 0.119222, 0, 0, 0
1539817064121628, -0.33914, -1.42545, 0.119208, 0, 0, 0
1539817064222269, -0.339133, -1.42535, 0.119294, 0, 0, 0
1539817064322270, -0.339158, -1.42543, 0.119238, 0, 0, 0
1539817064422351, -0.339147, -1.42542, 0.119281, 0, 0, 0
1539817064532384, -0.339125, -1.42538, 0.119314, 0, 0, 0
1539817064642343, -0.339166, -1.42547, 0.119212, 0, 0, 0
1539817064751450, -0.339143, -1.42544, 0.119279, 0, 0, 0
1539817064861612, -0.339169, -1.42545, 0.119193, 0, 0, 0
1539817064961733, -0.33914, -1.42542, 0.119284, 0, 0, 0
1539817065062082, -0.339153, -1.42541, 0.119254, 0, 0, 0
1539817065162238, -0.339141, -1.42547, 0.11924, 0, 0, 0
1539817065262288, -0.339154, -1.42537, 0.119203, 0, 0, 0
1539817065362328, -0.339155, -1.4254, 0.119242, 0, 0, 0
1539817065471831, -0.339155, -1.42544, 0.119256, 0, 0, 0
1539817065581509, -0.339138, -1.42538, 0.119228, 0, 0, 0
1539817065681643, -0.339132, -1.42544, 0.119303, 0, 0, 0
1539817065782309, -0.339154, -1.42544, 0.119226, 0, 0, 0
1539817065892461, -0.339162, -1.42545, 0.119227, 0, 0, 0
1539817066002331, -0.339141, -1.42539, 0.119244, 0, 0, 0
1539817066102512, -0.339135, -1.42544, 0.11927, 0, 0, 0
1539817066211578, -0.339146, -1.42542, 0.119262, 0, 0, 0
1539817066322261, -0.33913, -1.42541, 0.11924, 0, 0, 0
1539817066431475, -0.339168, -1.42542, 0.119155, 0, 0, 0
1539817066531749, -0.33914, -1.4254, 0.119249, 0, 0, 0
1539817066632454, -0.339152, -1.42539, 0.119197, 0, 0, 0
1539817066732507, -0.33916, -1.42541, 0.119183, 0, 0, 0
1539817066841576, -0.339142, -1.42544, 0.119196, 0, 0, 0
1539817066942201, -0.339148, -1.42543, 0.119254, 0, 0, 0
1539817067051530, -0.339144, -1.42542, 0.1193, 0, 0, 0
1539817067152137, -0.339144, -1.42545, 0.119249, 0, 0, 0
1539817067252503, -0.339136, -1.42543, 0.119277, 0, 0, 0
1539817067371804, -0.33915, -1.42541, 0.119208, 0, 0, 0
1539817067472398, -0.339154, -1.42545, 0.119186, 0, 0, 0
1539817067572450, -0.339152, -1.4254, 0.119256, 0, 0, 0
1539817067682373, -0.339162, -1.42543, 0.119217, 0, 0, 0
1539817067792297, -0.339159, -1.42543, 0.119231, 0, 0, 0
1539817067902015, -0.339158, -1.42544, 0.119236, 0, 0, 0
1539817068002291, -0.339151, -1.42543, 0.119265, 0, 0, 0
1539817068102490, -0.339139, -1.42543, 0.119214, 0, 0, 0
1539817068212498, -0.339137, -1.42543, 0.119223, 0, 0, 0
1539817068322232, -0.339139, -1.42543, 0.119203, 0, 0, 0
1539817068422293, -0.339124, -1.42543, 0.119279, 0, 0, 0
1539817068531658, -0.339159, -1.42539, 0.119217, 0, 0, 0
1539817068642357, -0.339085, -1.42542, 0.119246, 0, 0, 0
1539817068742612, -0.339155, -1.42538, 0.119085, 0, 0, 0
1539817068842651, -0.33914, -1.42549, 0.11914, 0, 0, 0
1539817068952279, -0.339127, -1.42538, 0.119253, 0, 0, 0
1539817069062416, -0.339131, -1.42547, 0.119245, 0, 0, 0
1539817069162568, -0.33912, -1.42544, 0.119293, 0, 0, 0
1539817069272547, -0.33913, -1.42545, 0.119256, 0, 0, 0
1539817069381670, -0.339123, -1.42538, 0.119245, 0, 0, 0
1539817069482084, -0.339156, -1.42543, 0.119129, 0, 0, 0
1539817069582476, -0.339109, -1.42537, 0.119245, 0, 0, 0
1539817069692295, -0.339171, -1.42541, 0.119046, 0, 0, 0
1539817069812474, -0.339123, -1.42542, 0.119122, 0, 0, 0
1539817069921677, -0.339138, -1.4254, 0.119186, 0, 0, 0
1539817070022499, -0.339149, -1.42546, 0.119231, 0, 0, 0
1539817070132349, -0.339106, -1.42541, 0.119225, 0, 0, 0
1539817070241512, -0.339097, -1.42543, 0.119223, 0, 0, 0
1539817070352509, -0.339374, -1.42526, 0.1188, 0, 0, 0
1539817070462443, -0.339119, -1.42541, 0.119158, 0, 0, 0
1539817070562559, -0.339139, -1.42542, 0.119159, 0, 0, 0
1539817070672267, -0.339106, -1.42536, 0.1192, 0, 0, 0
1539817070772492, -0.33915, -1.42542, 0.119096, 0, 0, 0
1539817070872522, -0.339155, -1.42539, 0.1192, 0, 0, 0
1539817070981930, -0.33914, -1.42539, 0.119138, 0, 0, 0
1539817071091766, -0.339119, -1.42545, 0.119238, 0, 0, 0
1539817071201527, -0.339084, -1.42541, 0.119223, 0, 0, 0
1539817071302315, -0.339146, -1.42542, 0.11923, 0, 0, 0
1539817071412555, -0.339161, -1.42546, 0.119208, 0, 0, 0
1539817071522473, -0.339108, -1.42536, 0.119226, 0, 0, 0
1539817071632577, -0.339156, -1.42543, 0.119158, 0, 0, 0
1539817071742550, -0.339165, -1.42538, 0.119183, 0, 0, 0
1539817071852544, -0.339097, -1.42541, 0.119164, 0, 0, 0
1539817071952563, -0.339125, -1.42541, 0.119114, 0, 0, 0
1539817072052688, -0.339161, -1.4253, 0.11921, 0, 0, 0
1539817072162369, -0.339155, -1.42558, 0.119133, 0, 0, 0
1539817072272528, -0.339104, -1.42537, 0.119389, 0, 0, 0
1539817072382351, -0.339149, -1.42545, 0.119253, 0, 0, 0
1539817072482581, -0.339108, -1.42554, 0.119189, 0, 0, 0
1539817072592327, -0.339137, -1.42535, 0.119281, 0, 0, 0
1539817072692446, -0.339129, -1.42543, 0.119091, 0, 0, 0
1539817072802581, -0.339108, -1.42549, 0.119169, 0, 0, 0
1539817072912460, -0.33911, -1.42532, 0.119257, 0, 0, 0
1539817073021656, -0.33911, -1.42549, 0.119207, 0, 0, 0
1539817073123114, -0.339112, -1.4254, 0.119249, 0, 0, 0
1539817073232732, -0.339165, -1.42545, 0.119183, 0, 0, 0
1539817073352007, -0.339074, -1.42539, 0.119196, 0, 0, 0
1539817073452201, -0.339098, -1.4254, 0.119151, 0, 0, 0
1539817073562111, -0.339149, -1.42538, 0.119031, 0, 0, 0
1539817073662631, -0.339159, -1.42544, 0.119039, 0, 0, 0
1539817073772440, -0.339089, -1.42544, 0.119123, 0, 0, 0
1539817073882255, -0.339112, -1.42538, 0.119298, 0, 0, 0
1539817073982420, -0.339143, -1.42538, 0.11926, 0, 0, 0
1539817074092351, -0.339131, -1.42542, 0.119163, 0, 0, 0
1539817074202024, -0.339111, -1.42538, 0.119224, 0, 0, 0
1539817074312355, -0.339107, -1.42542, 0.119156, 0, 0, 0
1539817074421686, -0.339154, -1.42539, 0.119363, 0, 0, 0
1539817074532315, -0.339154, -1.42539, 0.119065, 0, 0, 0
1539817074642022, -0.339158, -1.42545, 0.119071, 0, 0, 0
1539817074742410, -0.339139, -1.4254, 0.11912, 0, 0, 0
1539817074852000, -0.339112, -1.42537, 0.119213, 0, 0, 0
1539817074962068, -0.339105, -1.42544, 0.119238, 0, 0, 0
1539817075062342, -0.339122, -1.42543, 0.119218, 0, 0, 0
1539817075172473, -0.339113, -1.42543, 0.119169, 0, 0, 0
1539817075282055, -0.339099, -1.42541, 0.119176, 0, 0, 0
1539817075382089, -0.339145, -1.42539, 0.119118, 0, 0, 0
1539817075482358, -0.339108, -1.4254, 0.11916, 0, 0, 0
1539817075582899, -0.33909, -1.42546, 0.119214, 0, 0, 0
1539817075692031, -0.33914, -1.42543, 0.119112, 0, 0, 0
1539817075792448, -0.339092, -1.42534, 0.119223, 0, 0, 0
1539817075902515, -0.339166, -1.42542, 0.119075, 0, 0, 0
1539817076012012, -0.339129, -1.42539, 0.119212, 0, 0, 0
1539817076112081, -0.339101, -1.42543, 0.119172, 0, 0, 0
1539817076212449, -0.339109, -1.42541, 0.119235, 0, 0, 0
1539817076322035, -0.339115, -1.42549, 0.119135, 0, 0, 0
1539817076422117, -0.339099, -1.42545, 0.119155, 0, 0, 0
1539817076531605, -0.339118, -1.42542, 0.119173, 0, 0, 0
1539817076632063, -0.339126, -1.42542, 0.119133, 0, 0, 0
1539817076732418, -0.339131, -1.4254, 0.119184, 0, 0, 0
1539817076841715, -0.339097, -1.42541, 0.119157, 0, 0, 0
1539817076942116, -0.339092, -1.4254, 0.119153, 0, 0, 0
1539817077042411, -0.339138, -1.42545, 0.119148, 0, 0, 0
1539817077152413, -0.339098, -1.42542, 0.119187, 0, 0, 0
1539817077271472, -0.339118, -1.42539, 0.119158, 0, 0, 0
1539817077382027, -0.339133, -1.42542, 0.119202, 0, 0, 0
1539817077482167, -0.339104, -1.42545, 0.119175, 0, 0, 0
1539817077592212, -0.339136, -1.42539, 0.119117, 0, 0, 0
1539817077692272, -0.339084, -1.42544, 0.119117, 0, 0, 0
1539817077801613, -0.339099, -1.42544, 0.119164, 0, 0, 0
1539817077902268, -0.339089, -1.42538, 0.119157, 0, 0, 0
1539817078012044, -0.339122, -1.42541, 0.119118, 0, 0, 0
1539817078112386, -0.339104, -1.42541, 0.119185, 0, 0, 0
1539817078222041, -0.3391, -1.4254, 0.119159, 0, 0, 0
1539817078322094, -0.339087, -1.42543, 0.119215, 0, 0, 0
1539817078422518, -0.339099, -1.42544, 0.119196, 0, 0, 0
1539817078542483, -0.339115, -1.42544, 0.119192, 0, 0, 0
1539817078651904, -0.339103, -1.42545, 0.119139, 0, 0, 0
1539817078762263, -0.339125, -1.42541, 0.119106, 0, 0, 0
1539817078862609, -0.339089, -1.42543, 0.119091, 0, 0, 0
1539817078992030, -0.339104, -1.42543, 0.119189, 0, 0, 0
1539817079102640, -0.33909, -1.42544, 0.119176, 0, 0, 0
1539817079212103, -0.339117, -1.42541, 0.119151, 0, 0, 0
1539817079312372, -0.339107, -1.42539, 0.119126, 0, 0, 0
1539817079421931, -0.339111, -1.42545, 0.119165, 0, 0, 0
1539817079522036, -0.339077, -1.42541, 0.119232, 0, 0, 0
1539817079622348, -0.339104, -1.42538, 0.119145, 0, 0, 0
1539817079722581, -0.339101, -1.42542, 0.119118, 0, 0, 0
1539817079822652, -0.339078, -1.42543, 0.119145, 0, 0, 0
1539817079932626, -0.339122, -1.42538, 0.119138, 0, 0, 0
1539817080041913, -0.33912, -1.42543, 0.119134, 0, 0, 0
1539817080142083, -0.339093, -1.42544, 0.119167, 0, 0, 0
1539817080252682, -0.339095, -1.42538, 0.119218, 0, 0, 0
1539817080361857, -0.339072, -1.42542, 0.119167, 0, 0, 0
1539817080462704, -0.339078, -1.42543, 0.119145, 0, 0, 0
1539817080571904, -0.339096, -1.42541, 0.119189, 0, 0, 0
1539817080672702, -0.339094, -1.42543, 0.11907, 0, 0, 0
1539817080772721, -0.339092, -1.4254, 0.119183, 0, 0, 0
1539817080881756, -0.339108, -1.42543, 0.119149, 0, 0, 0
1539817080992566, -0.339095, -1.42543, 0.11909, 0, 0, 0
1539817081092594, -0.339093, -1.4254, 0.119146, 0, 0, 0
1539817081202593, -0.339099, -1.42538, 0.119135, 0, 0, 0
1539817081312724, -0.339111, -1.42543, 0.11915, 0, 0, 0
1539817081422625, -0.339093, -1.42542, 0.119096, 0, 0, 0
1539817081531612, -0.339095, -1.42543, 0.11909, 0, 0, 0
1539817081642452, -0.339083, -1.42544, 0.119148, 0, 0, 0
1539817081742511, -0.339093, -1.4254, 0.119113, 0, 0, 0
1539817081861727, -0.339077, -1.42541, 0.119171, 0, 0, 0
1539817081962561, -0.339107, -1.42541, 0.11914, 0, 0, 0
1539817082071863, -0.339086, -1.42538, 0.119115, 0, 0, 0
1539817082172492, -0.339073, -1.42544, 0.119139, 0, 0, 0
1539817082272589, -0.339086, -1.42543, 0.119165, 0, 0, 0
1539817082381580, -0.339088, -1.42545, 0.119163, 0, 0, 0
1539817082482448, -0.339085, -1.42546, 0.11912, 0, 0, 0
1539817082591922, -0.339075, -1.42543, 0.119159, 0, 0, 0
1539817082692423, -0.339092, -1.42545, 0.119081, 0, 0, 0
1539817082802580, -0.339084, -1.42547, 0.11918, 0, 0, 0
1539817082912309, -0.33911, -1.42542, 0.119127, 0, 0, 0
1539817083012463, -0.339101, -1.42547, 0.119136, 0, 0, 0
1539817083131843, -0.339085, -1.42547, 0.119149, 0, 0, 0
1539817083242450, -0.339086, -1.42542, 0.1191, 0, 0, 0
1539817083342513, -0.339091, -1.42544, 0.119107, 0, 0, 0
1539817083452540, -0.339075, -1.42545, 0.119132, 0, 0, 0
1539817083562451, -0.339087, -1.42542, 0.119099, 0, 0, 0
1539817083671808, -0.339081, -1.42544, 0.119161, 0, 0, 0
1539817083771875, -0.339094, -1.42543, 0.119145, 0, 0, 0
1539817083872410, -0.339092, -1.42544, 0.119107, 0, 0, 0
1539817083972454, -0.339099, -1.42542, 0.119119, 0, 0, 0
1539817084072577, -0.339099, -1.42547, 0.119083, 0, 0, 0
1539817084182588, -0.339078, -1.42547, 0.119121, 0, 0, 0
1539817084291689, -0.339089, -1.42544, 0.11912, 0, 0, 0
1539817084401972, -0.339081, -1.42543, 0.119188, 0, 0, 0
1539817084511596, -0.339092, -1.42547, 0.119116, 0, 0, 0
1539817084612579, -0.339084, -1.42548, 0.119215, 0, 0, 0
1539817084722643, -0.338781, -1.42541, 0.119238, 0, 0, 0
1539817084831867, -0.339097, -1.42548, 0.1192, 0, 0, 0
1539817084942527, -0.339106, -1.42547, 0.119166, 0, 0, 0
1539817085051498, -0.33907, -1.42553, 0.119147, 0, 0, 0
1539817085152430, -0.339088, -1.42544, 0.119159, 0, 0, 0
1539817085262349, -0.339067, -1.42552, 0.119135, 0, 0, 0
1539817085363287, -0.339061, -1.42544, 0.119187, 0, 0, 0
1539817085472657, -0.339107, -1.42547, 0.119158, 0, 0, 0
1539817085582457, -0.33908, -1.42548, 0.11906, 0, 0, 0
1539817085688405, -0.339068, -1.42546, 0.11914, 0, 0, 0
1539817085792463, -0.339059, -1.42539, 0.11916, 0, 0, 0
1539817085892500, -0.3391, -1.42553, 0.119106, 0, 0, 0
1539817086012646, -0.339164, -1.42543, 0.119095, 0, 0, 0
1539817086122508, -0.339086, -1.4255, 0.119179, 0, 0, 0
1539817086222746, -0.339083, -1.42555, 0.119105, 0, 0, 0
1539817086332162, -0.339157, -1.42545, 0.119137, 0, 0, 0
1539817086432219, -0.339107, -1.42551, 0.119148, 0, 0, 0
1539817086542231, -0.339088, -1.42548, 0.119141, 0, 0, 0
1539817086652552, -0.339131, -1.42545, 0.119146, 0, 0, 0
1539817086752869, -0.339102, -1.42548, 0.119159, 0, 0, 0
1539817086862207, -0.339088, -1.42551, 0.119065, 0, 0, 0
1539817086962499, -0.339077, -1.42543, 0.119178, 0, 0, 0
1539817087082625, -0.33911, -1.42552, 0.119139, 0, 0, 0
1539817087192220, -0.339084, -1.42548, 0.11904, 0, 0, 0
1539817087292971, -0.339081, -1.42544, 0.119131, 0, 0, 0
1539817087892188, -0.339082, -1.42546, 0.119124, 0, 0, 0
1539817087992723, -0.339093, -1.42549, 0.119083, 0, 0, 0
1539817088102259, -0.339071, -1.42543, 0.119232, 0, 0, 0
1539817088203841, -0.339053, -1.42553, 0.119115, 0, 0, 0
1539817088313183, -0.339062, -1.42553, 0.119342, 0, 0, 0
1539817088413350, -0.33908, -1.42547, 0.119433, 0, 0, 0
1539817088523056, -0.33905, -1.42549, 0.119536, 0, 0, 0
1539817088623063, -0.339045, -1.42555, 0.11973, 0, 0, 0
1539817088732345, -0.339003, -1.42536, 0.120108, 0, 0, 0
1539817088842039, -0.339018, -1.42554, 0.12048, 0, 0, 0
1539817088951932, -0.338763, -1.42552, 0.121623, 0, 0, 0
1539817089052429, -0.337386, -1.42567, 0.125099, 0, 0, 0
1539817089152512, -0.333829, -1.42542, 0.136372, 0, 0, 0
1539817089253799, -0.327141, -1.42531, 0.16001, 0, 0, 0
1539817089362424, -0.316799, -1.42554, 0.192932, 0, 0, 0
1539817089462470, -0.298752, -1.42558, 0.234141, 0, 0, 0
1539817089572442, -0.276851, -1.42395, 0.279874, 0, 0, 0
1539817089682353, -0.251666, -1.4223, 0.323865, 0, 0, 0
1539817089791799, -0.22801, -1.42096, 0.363307, 0, 0, 0
1539817089892333, -0.202577, -1.42034, 0.406548, 0, 0, 0
1539817090002730, -0.179342, -1.4223, 0.450796, 0, 0, 0
1539817090112717, -0.158274, -1.42659, 0.495666, 0, 0, 0
1539817090222934, -0.140973, -1.43282, 0.5417, 0, 0, 0
1539817090333056, -0.130812, -1.43895, 0.578443, 0, 0, 0
1539817090442492, -0.123124, -1.44852, 0.629733, 0, 0, 0
1539817090552175, -0.12423, -1.45735, 0.670196, 0, 0, 0
1539817090652208, -0.130738, -1.46487, 0.703918, 0, 0, 0
1539817090752736, -0.141666, -1.47148, 0.734213, 0, 0, 0
1539817090862148, -0.155689, -1.47701, 0.762343, 0, 0, 0
1539817090962296, -0.17367, -1.48049, 0.791696, 0, 0, 0
1539817091064815, -0.191943, -1.48179, 0.817261, 0, 0, 0
1539817091172225, -0.212029, -1.48069, 0.84225, 0, 0, 0
1539817091273176, -0.227997, -1.47816, 0.862368, 0, 0, 0
1539817091382280, -0.24226, -1.47384, 0.883405, 0, 0, 0
1539817091482441, -0.249789, -1.46942, 0.902131, 0, 0, 0
1539817091592200, -0.252484, -1.46449, 0.918435, 0, 0, 0
1539817091712166, -0.251841, -1.46179, 0.927791, 0, 0, 0
1539817091821773, -0.242758, -1.45438, 0.95491, 0, 0, 0
1539817091922498, -0.234958, -1.45114, 0.968319, 0, 0, 0
1539817092022523, -0.227138, -1.4487, 0.981115, 0, 0, 0
1539817092421577, -0.212801, -1.44309, 1.01948, 0, 0, 0
1539817092522492, -0.217006, -1.44, 1.03715, 0, 0, 0
1539817092631887, -0.223926, -1.43746, 1.04764, 0, 0, 0
1539817092741940, -0.232797, -1.43479, 1.05705, 0, 0, 0
1539817092851826, -0.244733, -1.43117, 1.06733, 0, 0, 0
1539817092951869, -0.256581, -1.42751, 1.07574, 0, 0, 0
1539817093052357, -0.269888, -1.42287, 1.08492, 0, 0, 0
1539817093152381, -0.282069, -1.41763, 1.09265, 0, 0, 0
1539817093262134, -0.294333, -1.41151, 1.10055, 0, 0, 0
1539817093372356, -0.305681, -1.40412, 1.10612, 0, 0, 0
1539817093482276, -0.315227, -1.39704, 1.11042, 0, 0, 0
1539817093602172, -0.327714, -1.38674, 1.11569, 0, 0, 0
1539817093702428, -0.337222, -1.37979, 1.11983, 0, 0, 0
1539817093802831, -0.346332, -1.37343, 1.12342, 0, 0, 0
1539817093912368, -0.355595, -1.36902, 1.12769, 0, 0, 0
1539817094023462, -0.36402, -1.36633, 1.13275, 0, 0, 0
1539817094132181, -0.372068, -1.36499, 1.13689, 0, 0, 0
1539817094232401, -0.378962, -1.36429, 1.1395, 0, 0, 0
1539817094332461, -0.385989, -1.36404, 1.14157, 0, 0, 0
1539817094442448, -0.393432, -1.36465, 1.14318, 0, 0, 0
1539817094552579, -0.400917, -1.36532, 1.14325, 0, 0, 0
1539817094662588, -0.407015, -1.36637, 1.14331, 0, 0, 0
1539817094772160, -0.412514, -1.36758, 1.14225, 0, 0, 0
1539817094872208, -0.41617, -1.36857, 1.13972, 0, 0, 0
1539817094972386, -0.417698, -1.37003, 1.13738, 0, 0, 0
1539817095092107, -0.418844, -1.3713, 1.13464, 0, 0, 0
1539817095192380, -0.419573, -1.37226, 1.13394, 0, 0, 0
1539817095302576, -0.419361, -1.37285, 1.13674, 0, 0, 0
1539817095411549, -0.41963, -1.3705, 1.14194, 0, 0, 0
1539817095512341, -0.421091, -1.36602, 1.14822, 0, 0, 0
1539817095623995, -0.4244, -1.35722, 1.15488, 0, 0, 0
1539817095732509, -0.428889, -1.34653, 1.16097, 0, 0, 0
1539817095841531, -0.43563, -1.33227, 1.16792, 0, 0, 0
1539817095942454, -0.441418, -1.32084, 1.17316, 0, 0, 0
1539817096052312, -0.446762, -1.31135, 1.17966, 0, 0, 0
1539817096162504, -0.450088, -1.30573, 1.18358, 0, 0, 0
1539817096272693, -0.450868, -1.30376, 1.18552, 0, 0, 0
1539817096382399, -0.449564, -1.30622, 1.18518, 0, 0, 0
1539817096482520, -0.446837, -1.30985, 1.18225, 0, 0, 0
1539817096582679, -0.442148, -1.31496, 1.17875, 0, 0, 0
1539817096683079, -0.43687, -1.32134, 1.17542, 0, 0, 0
1539817096792183, -0.429033, -1.32991, 1.17271, 0, 0, 0
1539817096892764, -0.421584, -1.33898, 1.17077, 0, 0, 0
1539817096993151, -0.414002, -1.34978, 1.16967, 0, 0, 0
1539817097102366, -0.405103, -1.36758, 1.16967, 0, 0, 0
1539817097212742, -0.398071, -1.38733, 1.17076, 0, 0, 0
1539817097322450, -0.393355, -1.40928, 1.17258, 0, 0, 0
1539817097432212, -0.391465, -1.43018, 1.1742, 0, 0, 0
1539817098705149, -0.472469, -1.54022, 1.13884, 0, 0, 0
1539817098822443, -0.475682, -1.52255, 1.11776, 0, 0, 0
1539817098932542, -0.474972, -1.49456, 1.09137, 0, 0, 0
1539817099042304, -0.471396, -1.47024, 1.07299, 0, 0, 0
1539817099152557, -0.464525, -1.43975, 1.05645, 0, 0, 0
1539817099261980, -0.455879, -1.41398, 1.0512, 0, 0, 0
1539817099362048, -0.447766, -1.39383, 1.0545, 0, 0, 0
1539817099462601, -0.44035, -1.37866, 1.06607, 0, 0, 0
1539817099572443, -0.432107, -1.36906, 1.09193, 0, 0, 0
1539817099692546, -0.42592, -1.36603, 1.1339, 0, 0, 0
1539817099802439, -0.42276, -1.36982, 1.1842, 0, 0, 0
1539817099912407, -0.423602, -1.37614, 1.24095, 0, 0, 0
1539817100012409, -0.427389, -1.38491, 1.29812, 0, 0, 0
1539817100113258, -0.434261, -1.39435, 1.35662, 0, 0, 0
1539817100222500, -0.443209, -1.40559, 1.41407, 0, 0, 0
1539817100331957, -0.45876, -1.41953, 1.47599, 0, 0, 0
1539817100432805, -0.475518, -1.43186, 1.5208, 0, 0, 0
1539817100541741, -0.497802, -1.44648, 1.56214, 0, 0, 0
1539817100642308, -0.52257, -1.4602, 1.59236, 0, 0, 0
1539817100742705, -0.552661, -1.47452, 1.61555, 0, 0, 0
1539817100843179, -0.588729, -1.4888, 1.63169, 0, 0, 0
1539817100951996, -0.631079, -1.50373, 1.64306, 0, 0, 0
1539817101071959, -0.685063, -1.51973, 1.65245, 0, 0, 0
1539817101182486, -0.759087, -1.53874, 1.66127, 0, 0, 0
1539817101292047, -0.828309, -1.55468, 1.66735, 0, 0, 0
1539817101392220, -0.894303, -1.56925, 1.67358, 0, 0, 0
1539817101493884, -0.961108, -1.58363, 1.68076, 0, 0, 0
1539817101603140, -1.03245, -1.59922, 1.68974, 0, 0, 0
1539817101712218, -1.09849, -1.61322, 1.69951, 0, 0, 0
1539817101812273, -1.1514, -1.624, 1.70864, 0, 0, 0
1539817101912508, -1.19606, -1.6319, 1.71778, 0, 0, 0
1539817102032362, -1.2356, -1.63723, 1.72824, 0, 0, 0
1539817102142671, -1.26734, -1.63859, 1.7397, 0, 0, 0
1539817102251910, -1.28833, -1.63653, 1.75023, 0, 0, 0
1539817102352460, -1.30333, -1.63317, 1.75996, 0, 0, 0
1539817102452523, -1.31632, -1.62932, 1.76969, 0, 0, 0
1539817102562603, -1.32976, -1.62614, 1.77905, 0, 0, 0
1539817102662736, -1.34707, -1.62468, 1.78854, 0, 0, 0
1539817102772740, -1.36834, -1.62563, 1.79664, 0, 0, 0
1539817102882141, -1.39354, -1.6286, 1.80343, 0, 0, 0
1539817102982363, -1.4201, -1.63305, 1.8087, 0, 0, 0
1539817103082669, -1.4552, -1.63964, 1.81151, 0, 0, 0
1539817103192733, -1.49032, -1.64678, 1.81558, 0, 0, 0
1539817103292753, -1.52362, -1.65391, 1.81882, 0, 0, 0
1539817103393219, -1.55731, -1.66082, 1.82116, 0, 0, 0
1539817103501658, -1.59336, -1.66794, 1.82287, 0, 0, 0
1539817103602131, -1.62392, -1.67331, 1.82465, 0, 0, 0
1539817103722070, -1.65498, -1.67753, 1.82613, 0, 0, 0
1539817103832137, -1.68254, -1.68034, 1.82745, 0, 0, 0
1539817103932171, -1.70655, -1.68161, 1.82923, 0, 0, 0
1539817104032358, -1.7258, -1.68135, 1.83038, 0, 0, 0
1539817104132376, -1.74254, -1.68077, 1.83172, 0, 0, 0
1539817104232518, -1.75749, -1.67954, 1.83333, 0, 0, 0
1539817104342337, -1.77276, -1.67827, 1.83472, 0, 0, 0
1539817104452565, -1.78547, -1.67757, 1.83621, 0, 0, 0
1539817104562459, -1.80057, -1.67727, 1.83786, 0, 0, 0
1539817104672871, -1.81447, -1.67841, 1.83947, 0, 0, 0
1539817104773007, -1.82745, -1.67998, 1.84065, 0, 0, 0
1539817104882305, -1.84249, -1.68361, 1.84209, 0, 0, 0
1539817104992733, -1.85843, -1.68849, 1.84301, 0, 0, 0
1539817105102339, -1.87496, -1.69474, 1.84322, 0, 0, 0
1539817105202409, -1.89081, -1.70179, 1.84354, 0, 0, 0
1539817105312775, -1.90849, -1.71019, 1.84333, 0, 0, 0
1539817105413359, -1.92513, -1.71846, 1.84221, 0, 0, 0
1539817105525760, -1.94309, -1.72806, 1.8406, 0, 0, 0
1539817105633438, -1.96077, -1.73724, 1.83852, 0, 0, 0
1539817105742387, -1.97756, -1.74611, 1.83639, 0, 0, 0
1539817105843930, -1.99189, -1.75393, 1.8353, 0, 0, 0
1539817105952557, -2.00625, -1.76155, 1.83415, 0, 0, 0
1539817106062794, -2.01966, -1.76867, 1.83273, 0, 0, 0
1539817106172150, -2.0309, -1.77488, 1.83118, 0, 0, 0
1539817106272257, -2.04235, -1.78113, 1.82941, 0, 0, 0
1539817106382675, -2.05347, -1.78684, 1.82697, 0, 0, 0
1539817106483511, -2.06249, -1.79204, 1.82536, 0, 0, 0
1539817106592547, -2.07172, -1.79736, 1.82494, 0, 0, 0
1539817106712328, -2.07974, -1.80219, 1.82506, 0, 0, 0
1539817106812634, -2.08611, -1.8063, 1.82512, 0, 0, 0
1539817106913128, -2.09191, -1.81049, 1.8253, 0, 0, 0
1539817107032316, -2.10004, -1.81627, 1.82511, 0, 0, 0
1539817107132355, -2.10744, -1.82188, 1.82519, 0, 0, 0
1539817107241840, -2.11368, -1.8265, 1.82537, 0, 0, 0
1539817107351917, -2.12092, -1.83148, 1.82525, 0, 0, 0
1539817107462592, -2.12803, -1.83611, 1.82498, 0, 0, 0
1539817107572498, -2.13383, -1.83972, 1.82457, 0, 0, 0
1539817107691824, -2.14205, -1.84439, 1.82355, 0, 0, 0
1539817107791869, -2.14871, -1.84784, 1.82229, 0, 0, 0
1539817107892329, -2.15405, -1.8504, 1.82196, 0, 0, 0
1539817108002563, -2.15996, -1.85313, 1.82173, 0, 0, 0
1539817108112573, -2.1645, -1.85478, 1.82096, 0, 0, 0
1539817108232357, -2.16802, -1.85595, 1.82018, 0, 0, 0
1539817108341896, -2.17063, -1.85616, 1.81907, 0, 0, 0
1539817108452460, -2.17175, -1.85552, 1.81843, 0, 0, 0
1539817108572209, -2.17214, -1.85436, 1.81782, 0, 0, 0
1539817108681952, -2.17183, -1.85301, 1.81734, 0, 0, 0
1539817108782399, -2.17083, -1.85162, 1.81663, 0, 0, 0
1539817108892055, -2.16948, -1.85016, 1.81586, 0, 0, 0
1539817109002120, -2.16815, -1.84929, 1.8156, 0, 0, 0
1539817109112217, -2.16595, -1.84862, 1.81572, 0, 0, 0
1539817109221969, -2.16389, -1.84805, 1.81481, 0, 0, 0
1539817109322323, -2.16085, -1.84818, 1.81487, 0, 0, 0
1539817109422603, -2.15809, -1.84806, 1.81511, 0, 0, 0
1539817109522918, -2.15385, -1.84763, 1.81538, 0, 0, 0
1539817109632175, -2.14953, -1.847, 1.81525, 0, 0, 0
1539817109732560, -2.14516, -1.84607, 1.81451, 0, 0, 0
1539817109842302, -2.14075, -1.8451, 1.81458, 0, 0, 0
1539817109952807, -2.13691, -1.84385, 1.81469, 0, 0, 0
1539817110063486, -2.13075, -1.84135, 1.81387, 0, 0, 0
1539817110172716, -2.12557, -1.8388, 1.81303, 0, 0, 0
1539817110272998, -2.12106, -1.83614, 1.81295, 0, 0, 0
1539817110391830, -2.11597, -1.83281, 1.81308, 0, 0, 0
1539817110491957, -2.11165, -1.82954, 1.81239, 0, 0, 0
1539817110603812, -2.10614, -1.82539, 1.81099, 0, 0, 0
1539817110711632, -2.10135, -1.82204, 1.8109, 0, 0, 0
1539817110852397, -2.09674, -1.81923, 1.81109, 0, 0, 0
1539817110962686, -2.09126, -1.8163, 1.80991, 0, 0, 0
1539817111062693, -2.08683, -1.81514, 1.80984, 0, 0, 0
1539817111172343, -2.08246, -1.8146, 1.81031, 0, 0, 0
1539817111272373, -2.07797, -1.8146, 1.80974, 0, 0, 0
1539817111392526, -2.07279, -1.81486, 1.80907, 0, 0, 0
1539817111501884, -2.06716, -1.81538, 1.80937, 0, 0, 0
1539817111602117, -2.06256, -1.81551, 1.80952, 0, 0, 0
1539817111712461, -2.0574, -1.81537, 1.80907, 0, 0, 0
1539817111812891, -2.05239, -1.81482, 1.80871, 0, 0, 0
1539817111927461, -2.04745, -1.81365, 1.80909, 0, 0, 0
1539817112042299, -2.04333, -1.81239, 1.81024, 0, 0, 0
1539817112151465, -2.03859, -1.81019, 1.81047, 0, 0, 0
1539817112251522, -2.03454, -1.8073, 1.81014, 0, 0, 0
1539817112352381, -2.03137, -1.80412, 1.8106, 0, 0, 0
1539817112461828, -2.02888, -1.80046, 1.81095, 0, 0, 0
1539817112562101, -2.02618, -1.79604, 1.8112, 0, 0, 0
1539817112662972, -2.02431, -1.79221, 1.81212, 0, 0, 0
1539817112771615, -2.02217, -1.78825, 1.81264, 0, 0, 0
1539817112871915, -2.02022, -1.78446, 1.81234, 0, 0, 0
1539817112972471, -2.0184, -1.78115, 1.81228, 0, 0, 0
1539817113082326, -2.01643, -1.77798, 1.81275, 0, 0, 0
1539817113192142, -2.01365, -1.77414, 1.81305, 0, 0, 0
1539817113292385, -2.01124, -1.77118, 1.81261, 0, 0, 0
1539817113402647, -2.00836, -1.7686, 1.81264, 0, 0, 0
1539817113512003, -2.00551, -1.76668, 1.81319, 0, 0, 0
1539817113621966, -2.00244, -1.76559, 1.81353, 0, 0, 0
1539817113733311, -1.99852, -1.76541, 1.81355, 0, 0, 0
1539817113833535, -1.99496, -1.76606, 1.8136, 0, 0, 0
1539817113942564, -1.99113, -1.76706, 1.81299, 0, 0, 0
1539817114052496, -1.98729, -1.76856, 1.81262, 0, 0, 0
1539817114152523, -1.98432, -1.77019, 1.81283, 0, 0, 0
1539817114272230, -1.98066, -1.77239, 1.81344, 0, 0, 0
1539817114372855, -1.97837, -1.77426, 1.81356, 0, 0, 0
1539817114502386, -1.97651, -1.77663, 1.81353, 0, 0, 0
1539817114612153, -1.97529, -1.77978, 1.813, 0, 0, 0
1539817114722505, -1.9748, -1.78226, 1.81261, 0, 0, 0
1539817114822782, -1.9743, -1.78492, 1.81246, 0, 0, 0
1539817114922807, -1.97409, -1.7876, 1.81233, 0, 0, 0
1539817115023055, -1.97336, -1.79074, 1.81233, 0, 0, 0
1539817115123527, -1.97277, -1.79348, 1.81178, 0, 0, 0
1539817115233021, -1.97202, -1.79662, 1.81123, 0, 0, 0
1539817115342296, -1.97092, -1.79947, 1.8101, 0, 0, 0
1539817115442393, -1.96965, -1.80215, 1.80957, 0, 0, 0
1539817115552690, -1.96807, -1.80458, 1.80857, 0, 0, 0
1539817115652752, -1.96634, -1.80674, 1.80757, 0, 0, 0
1539817115753525, -1.9646, -1.80877, 1.80585, 0, 0, 0
1539817115872726, -1.96225, -1.81092, 1.80477, 0, 0, 0
1539817115982583, -1.96016, -1.81301, 1.80388, 0, 0, 0
1539817116092651, -1.95786, -1.81448, 1.80321, 0, 0, 0
1539817116202598, -1.95589, -1.81533, 1.80202, 0, 0, 0
1539817116321766, -1.95405, -1.8156, 1.80138, 0, 0, 0
1539817116422470, -1.953, -1.81558, 1.80158, 0, 0, 0
1539817116523061, -1.95223, -1.81512, 1.80203, 0, 0, 0
1539817116632605, -1.9522, -1.81458, 1.80212, 0, 0, 0
1539817116752765, -1.95316, -1.81441, 1.80278, 0, 0, 0
1539817116863884, -1.95463, -1.81475, 1.80349, 0, 0, 0
1539817116972539, -1.95651, -1.81554, 1.80442, 0, 0, 0
1539817117082261, -1.95888, -1.81656, 1.80528, 0, 0, 0
1539817117182428, -1.96157, -1.8179, 1.8054, 0, 0, 0
1539817117292738, -1.96468, -1.81967, 1.80567, 0, 0, 0
1539817117402292, -1.96774, -1.82124, 1.80606, 0, 0, 0
1539817117512482, -1.97112, -1.82265, 1.80673, 0, 0, 0
1539817117622171, -1.97405, -1.82405, 1.80738, 0, 0, 0
1539817118874429, -2.00538, -1.80962, 1.80391, 0, 0, 0
1539817118981859, -2.01166, -1.80733, 1.7963, 0, 0, 0
1539817119081987, -2.01692, -1.80481, 1.79045, 0, 0, 0
1539817119201991, -2.02299, -1.80174, 1.78587, 0, 0, 0
1539817119302389, -2.02853, -1.79904, 1.7829, 0, 0, 0
1539817119411951, -2.0333, -1.7966, 1.7812, 0, 0, 0
1539817119512605, -2.03635, -1.79527, 1.78145, 0, 0, 0
1539817119622879, -2.03965, -1.79371, 1.78312, 0, 0, 0
1539817119731965, -2.0417, -1.7928, 1.78616, 0, 0, 0
1539817119832105, -2.04296, -1.7922, 1.79, 0, 0, 0
1539817119933009, -2.04394, -1.79175, 1.79341, 0, 0, 0
1539817120042294, -2.04484, -1.79119, 1.79743, 0, 0, 0
1539817120152796, -2.04575, -1.79049, 1.80089, 0, 0, 0
1539817120262348, -2.04694, -1.78921, 1.80385, 0, 0, 0
1539817120362465, -2.04826, -1.78818, 1.8066, 0, 0, 0
1539817120472791, -2.04983, -1.78681, 1.80867, 0, 0, 0
1539817120572893, -2.05156, -1.78555, 1.81037, 0, 0, 0
1539817120673021, -2.05301, -1.78474, 1.81103, 0, 0, 0
1539817120781880, -2.05488, -1.78425, 1.81183, 0, 0, 0
1539817120891881, -2.05618, -1.78368, 1.81146, 0, 0, 0
1539817121002248, -2.05689, -1.78366, 1.811, 0, 0, 0
1539817121111851, -2.05676, -1.7839, 1.80966, 0, 0, 0
1539817121212340, -2.05538, -1.78394, 1.80784, 0, 0, 0
1539817121312426, -2.053, -1.78382, 1.80592, 0, 0, 0
1539817121421897, -2.04936, -1.78336, 1.80376, 0, 0, 0
1539817121542961, -2.04485, -1.78284, 1.80178, 0, 0, 0
1539817121652607, -2.03924, -1.78168, 1.79916, 0, 0, 0
1539817121762440, -2.0343, -1.78074, 1.798, 0, 0, 0
1539817121872558, -2.02989, -1.78018, 1.79768, 0, 0, 0
1539817121972636, -2.02695, -1.77979, 1.79834, 0, 0, 0
1539817122081734, -2.02519, -1.7802, 1.79958, 0, 0, 0
1539817122191851, -2.02515, -1.7815, 1.80045, 0, 0, 0
1539817122292504, -2.02605, -1.78397, 1.80168, 0, 0, 0
1539817122401901, -2.02797, -1.78702, 1.80221, 0, 0, 0
1539817122502415, -2.03024, -1.79012, 1.80258, 0, 0, 0
1539817122602450, -2.03241, -1.79327, 1.80297, 0, 0, 0
1539817122702483, -2.03441, -1.79624, 1.80373, 0, 0, 0
1539817122813494, -2.03569, -1.79907, 1.80451, 0, 0, 0
1539817122922873, -2.03602, -1.80215, 1.80565, 0, 0, 0
1539817123032101, -2.03509, -1.80434, 1.8058, 0, 0, 0
1539817123132745, -2.03343, -1.80559, 1.80533, 0, 0, 0
1539817123241934, -2.03029, -1.80615, 1.80515, 0, 0, 0
1539817123342702, -2.02711, -1.80612, 1.80564, 0, 0, 0
1539817123451920, -2.02315, -1.80585, 1.80649, 0, 0, 0
1539817123552854, -2.01954, -1.80578, 1.80696, 0, 0, 0
1539817123662091, -2.01578, -1.80607, 1.80707, 0, 0, 0
1539817123762935, -2.01253, -1.80677, 1.8069, 0, 0, 0
1539817123883855, -2.00931, -1.80805, 1.80693, 0, 0, 0
1539817123992623, -2.00696, -1.80953, 1.80747, 0, 0, 0
1539817124101812, -2.00527, -1.8115, 1.8079, 0, 0, 0
1539817124201921, -2.00415, -1.81381, 1.80865, 0, 0, 0
1539817124302395, -2.00346, -1.81631, 1.80907, 0, 0, 0
1539817124421661, -2.00308, -1.81911, 1.80928, 0, 0, 0
1539817124522725, -2.00309, -1.82154, 1.80911, 0, 0, 0
1539817124632337, -2.003, -1.82297, 1.80884, 0, 0, 0
1539817124732750, -2.0031, -1.82342, 1.80869, 0, 0, 0
1539817124832752, -2.0033, -1.82273, 1.8089, 0, 0, 0
1539817124932839, -2.00369, -1.82134, 1.80944, 0, 0, 0
1539817125041975, -2.0048, -1.81917, 1.80998, 0, 0, 0
1539817125152353, -2.00567, -1.81726, 1.81106, 0, 0, 0
1539817125252481, -2.00706, -1.81558, 1.81229, 0, 0, 0
1539817125362318, -2.00859, -1.81454, 1.81336, 0, 0, 0
1539817125462445, -2.0098, -1.81463, 1.81464, 0, 0, 0
1539817125572748, -2.01114, -1.8152, 1.81515, 0, 0, 0
1539817125672750, -2.01224, -1.81637, 1.81537, 0, 0, 0
1539817125773242, -2.01335, -1.81771, 1.81534, 0, 0, 0
1539817125882560, -2.01444, -1.81946, 1.81523, 0, 0, 0
1539817125991806, -2.01571, -1.82106, 1.81506, 0, 0, 0
1539817126092080, -2.01694, -1.82249, 1.81489, 0, 0, 0
1539817126192192, -2.0175, -1.82312, 1.81501, 0, 0, 0
1539817126312326, -2.01994, -1.8246, 1.81473, 0, 0, 0
1539817126421796, -2.02274, -1.82557, 1.81426, 0, 0, 0
1539817126523584, -2.02498, -1.82584, 1.81394, 0, 0, 0
1539817126632480, -2.0277, -1.82588, 1.81326, 0, 0, 0
1539817126742500, -2.03024, -1.82569, 1.81275, 0, 0, 0
1539817126852960, -2.03269, -1.82512, 1.81201, 0, 0, 0
1539817126962393, -2.03488, -1.82444, 1.81134, 0, 0, 0
1539817127072676, -2.03639, -1.8238, 1.81013, 0, 0, 0
1539817127181716, -2.03661, -1.82284, 1.80823, 0, 0, 0
1539817127291728, -2.03483, -1.82118, 1.80596, 0, 0, 0
1539817127392740, -2.02993, -1.8173, 1.80269, 0, 0, 0
1539817127502654, -2.02079, -1.80971, 1.79903, 0, 0, 0
1539817127611768, -2.00758, -1.79754, 1.79517, 0, 0, 0
1539817127722131, -1.99, -1.78018, 1.79098, 0, 0, 0
1539817130728276, -1.84048, -1.63264, 0.113037, 0, 0, 0
1539817130832244, -1.84073, -1.63228, 0.112912, 0, 0, 0
1539817130942493, -1.84049, -1.63251, 0.113045, 0, 0, 0
1539817131052238, -1.84048, -1.63259, 0.112949, 0, 0, 0
1539817131161596, -1.8405, -1.63251, 0.112882, 0, 0, 0
1539817131261923, -1.8405, -1.63245, 0.112877, 0, 0, 0
1539817131372061, -1.84077, -1.6323, 0.112582, 0, 0, 0
1539817131481453, -1.84075, -1.63222, 0.112543, 0, 0, 0
1539817131581454, -1.84075, -1.63226, 0.112496, 0, 0, 0
1539817131682275, -1.84078, -1.63228, 0.112536, 0, 0, 0
1539817131791853, -1.84082, -1.63231, 0.112359, 0, 0, 0
1539817131892263, -1.84079, -1.63226, 0.112403, 0, 0, 0
1539817132002412, -1.84073, -1.63233, 0.112468, 0, 0, 0
1539817132112414, -1.84073, -1.6323, 0.112449, 0, 0, 0
1539817132221895, -1.84068, -1.63234, 0.112507, 0, 0, 0
1539817132322580, -1.84072, -1.63239, 0.112402, 0, 0, 0
1539817132432055, -1.84068, -1.63235, 0.112359, 0, 0, 0
1539817132533023, -1.84079, -1.63242, 0.112343, 0, 0, 0
1539817132641997, -1.84075, -1.63231, 0.112345, 0, 0, 0
1539817132752190, -1.84069, -1.63249, 0.112391, 0, 0, 0
1539817132862243, -1.84074, -1.63246, 0.11234, 0, 0, 0
1539817132962386, -1.84063, -1.63242, 0.112316, 0, 0, 0
1539817133064624, -1.84066, -1.63246, 0.112327, 0, 0, 0
1539817133171735, -1.84068, -1.63241, 0.112275, 0, 0, 0
1539817133272662, -1.84063, -1.63247, 0.112331, 0, 0, 0
1539817133382360, -1.84063, -1.63249, 0.112319, 0, 0, 0
1539817133491535, -1.84066, -1.63244, 0.11215, 0, 0, 0
1539817133592302, -1.84062, -1.63238, 0.112167, 0, 0, 0
1539817133692355, -1.84068, -1.63235, 0.112171, 0, 0, 0
1539817133801813, -1.84079, -1.63252, 0.111901, 0, 0, 0
1539817133902394, -1.84074, -1.6324, 0.111948, 0, 0, 0
1539817134002434, -1.84073, -1.63246, 0.111996, 0, 0, 0
1539817134112477, -1.84066, -1.63252, 0.11202, 0, 0, 0
1539817134231890, -1.84049, -1.63273, 0.112068, 0, 0, 0
1539817134332091, -1.84072, -1.63251, 0.111838, 0, 0, 0
1539817134441568, -1.84074, -1.63244, 0.111791, 0, 0, 0
1539817134541608, -1.84045, -1.63276, 0.112078, 0, 0, 0
1539817134642468, -1.84041, -1.63278, 0.112118, 0, 0, 0
1539817134751977, -1.84046, -1.63285, 0.111978, 0, 0, 0
1539817134852450, -1.84038, -1.63279, 0.111991, 0, 0, 0
1539817134962061, -1.84038, -1.63285, 0.111998, 0, 0, 0
1539817135062465, -1.84059, -1.63259, 0.111848, 0, 0, 0
1539817135172227, -1.84037, -1.63293, 0.111943, 0, 0, 0
1539817135282517, -1.84063, -1.6326, 0.111721, 0, 0, 0
1539817135391574, -1.84065, -1.63255, 0.11162, 0, 0, 0
1539817135492461, -1.84064, -1.63258, 0.111585, 0, 0, 0
1539817135592512, -1.8407, -1.63258, 0.111503, 0, 0, 0
1539817135702564, -1.84063, -1.63257, 0.111589, 0, 0, 0
1539817135812480, -1.84068, -1.63257, 0.111581, 0, 0, 0
1539817135922118, -1.84068, -1.63259, 0.111487, 0, 0, 0
1539817136022606, -1.84072, -1.63254, 0.111458, 0, 0, 0
1539817136132700, -1.84066, -1.63256, 0.11147, 0, 0, 0
1539817136241760, -1.84067, -1.63258, 0.1115, 0, 0, 0
1539817136342487, -1.84068, -1.63262, 0.111491, 0, 0, 0
1539817136451386, -1.84069, -1.63263, 0.111433, 0, 0, 0
1539817136552306, -1.84067, -1.63262, 0.11142, 0, 0, 0
1539817136652416, -1.84063, -1.63259, 0.111437, 0, 0, 0
1539817136761548, -1.8406, -1.63264, 0.111496, 0, 0, 0
1539817136862508, -1.84062, -1.63263, 0.11138, 0, 0, 0
1539817136971894, -1.84065, -1.63264, 0.111338, 0, 0, 0
1539817137083076, -1.84069, -1.63261, 0.111295, 0, 0, 0
1539817137191883, -1.8407, -1.63265, 0.111262, 0, 0, 0
1539817137302183, -1.84073, -1.63265, 0.111219, 0, 0, 0
1539817137412097, -1.84071, -1.63264, 0.111259, 0, 0, 0
1539817137521697, -1.84071, -1.63267, 0.111185, 0, 0, 0
1539817137641495, -1.84068, -1.6327, 0.111185, 0, 0, 0
1539817137742047, -1.84066, -1.63264, 0.111219, 0, 0, 0
1539817137851301, -1.84064, -1.63264, 0.111225, 0, 0, 0
1539817137952163, -1.84066, -1.63269, 0.111255, 0, 0, 0
1539817138061383, -1.84062, -1.63264, 0.111279, 0, 0, 0
1539817138162108, -1.84062, -1.63268, 0.111238, 0, 0, 0
1539817138271486, -1.84066, -1.63268, 0.111232, 0, 0, 0
1539817138382058, -1.84063, -1.63266, 0.111206, 0, 0, 0
1539817138491721, -1.84066, -1.63267, 0.111219, 0, 0, 0
1539817138591726, -1.84061, -1.63271, 0.11119, 0, 0, 0
1539817138702088, -1.84061, -1.63269, 0.111211, 0, 0, 0
1539817138811593, -1.84061, -1.63272, 0.11116, 0, 0, 0
1539817138912014, -1.84061, -1.63271, 0.111203, 0, 0, 0
1539817139012151, -1.84064, -1.63269, 0.111144, 0, 0, 0
1539817139121585, -1.8406, -1.63267, 0.11117, 0, 0, 0
