8.00 -9.00 1.00
6.00 -8.30 2.00
4.00 -7.00 3.00
2.00 -7.20 4.00
0.00 -8.60 5.00
-2.00 -7.00 0.10
-4.00 -6.90 0.20
-6.00 -7.50 0.30
-8.00 -8.00 0.40
-8.30 8.00 0.50
-7.00 6.00 0.60
-7.20 4.00 0.70
-8.60 2.00 0.80
-7.00 0.00 0.90
-8.90 -2.00 0.01
-6.90 -4.00 0.02
-7.50 -6.00 0.03
8.00 9.00 0.05
6.00 8.30 0.06
4.00 7.00 0.07
2.00 7.20 0.08
0.00 8.60 0.09
-2.00 7.00 0.11
-4.00 6.90 0.22
-6.00 7.50 0.33
-8.00 9.00 0.44
8.00 8.00 0.55
5.00 6.00 0.66
7.40 4.00 0.77
9.00 2.00 0.88
5.70 0.00 0.99
8.20 -2.00 0.00
6.00 -4.00 0.00
8.50 -6.00 0.00
